5.687500000000000000e+01
1.446640625000000000e+02
5.687500000000000000e+01
1.628515625000000000e+02
5.937500000000000000e+01
1.840703125000000000e+02
6.312500000000000000e+01
2.022578125000000000e+02
7.187500000000000000e+01
2.204453125000000000e+02
8.062500000000000000e+01
2.325703125000000000e+02
9.937500000000000000e+01
2.416640625000000000e+02
1.206250000000000000e+02
2.416640625000000000e+02
1.306250000000000000e+02
2.446953125000000000e+02
1.506250000000000000e+02
2.477265625000000000e+02
1.668750000000000000e+02
2.446953125000000000e+02
1.793750000000000000e+02
2.386328125000000000e+02
1.906250000000000000e+02
2.265078125000000000e+02
1.993750000000000000e+02
2.113515625000000000e+02
2.043750000000000000e+02
1.901328125000000000e+02
2.056250000000000000e+02
1.719453125000000000e+02
2.056250000000000000e+02
1.507265625000000000e+02
7.187500000000000000e+01
1.325390625000000000e+02
8.250000000000000000e+01
1.295078125000000000e+02
9.437500000000000000e+01
1.279921875000000000e+02
1.068750000000000000e+02
1.295078125000000000e+02
1.181250000000000000e+02
1.340546875000000000e+02
1.481250000000000000e+02
1.340546875000000000e+02
1.600000000000000000e+02
1.310234375000000000e+02
1.725000000000000000e+02
1.295078125000000000e+02
1.843750000000000000e+02
1.295078125000000000e+02
1.956250000000000000e+02
1.386015625000000000e+02
1.318750000000000000e+02
1.476953125000000000e+02
1.318750000000000000e+02
1.598203125000000000e+02
1.306250000000000000e+02
1.719453125000000000e+02
1.318750000000000000e+02
1.840703125000000000e+02
1.081250000000000000e+02
1.901328125000000000e+02
1.193750000000000000e+02
1.931640625000000000e+02
1.306250000000000000e+02
1.961953125000000000e+02
1.431250000000000000e+02
1.931640625000000000e+02
1.531250000000000000e+02
1.931640625000000000e+02
8.062500000000000000e+01
1.476953125000000000e+02
8.687500000000000000e+01
1.416328125000000000e+02
1.043750000000000000e+02
1.416328125000000000e+02
1.106250000000000000e+02
1.476953125000000000e+02
1.018750000000000000e+02
1.507265625000000000e+02
8.687500000000000000e+01
1.507265625000000000e+02
1.518750000000000000e+02
1.507265625000000000e+02
1.593750000000000000e+02
1.446640625000000000e+02
1.768750000000000000e+02
1.446640625000000000e+02
1.831250000000000000e+02
1.476953125000000000e+02
1.768750000000000000e+02
1.537578125000000000e+02
1.606250000000000000e+02
1.537578125000000000e+02
8.812500000000000000e+01
2.113515625000000000e+02
1.043750000000000000e+02
2.083203125000000000e+02
1.256250000000000000e+02
2.083203125000000000e+02
1.293750000000000000e+02
2.083203125000000000e+02
1.356250000000000000e+02
2.083203125000000000e+02
1.531250000000000000e+02
2.083203125000000000e+02
1.706250000000000000e+02
2.143828125000000000e+02
1.606250000000000000e+02
2.265078125000000000e+02
1.481250000000000000e+02
2.386328125000000000e+02
1.318750000000000000e+02
2.416640625000000000e+02
1.131250000000000000e+02
2.356015625000000000e+02
9.812500000000000000e+01
2.234765625000000000e+02
8.937500000000000000e+01
2.113515625000000000e+02
1.093750000000000000e+02
2.143828125000000000e+02
1.306250000000000000e+02
2.143828125000000000e+02
1.493750000000000000e+02
2.143828125000000000e+02
1.681250000000000000e+02
2.143828125000000000e+02
1.506250000000000000e+02
2.265078125000000000e+02
1.306250000000000000e+02
2.295390625000000000e+02
1.081250000000000000e+02
2.234765625000000000e+02
