5.466015625000000000e+01
1.463320312500000000e+02
5.587109375000000000e+01
1.670039062500000000e+02
5.950390625000000000e+01
1.817695312500000000e+02
6.555859375000000000e+01
2.024414062500000000e+02
7.403515625000000000e+01
2.172070312500000000e+02
8.130078125000000000e+01
2.290195312500000000e+02
9.219921875000000000e+01
2.378789062500000000e+02
1.043085937500000000e+02
2.437851562500000000e+02
1.261054687500000000e+02
2.408320312500000000e+02
1.261054687500000000e+02
1.994882812500000000e+02
1.672773437500000000e+02
2.349257812500000000e+02
1.781757812500000000e+02
2.290195312500000000e+02
1.854414062500000000e+02
2.142539062500000000e+02
1.902851562500000000e+02
1.994882812500000000e+02
1.951289062500000000e+02
1.817695312500000000e+02
1.975507812500000000e+02
1.640507812500000000e+02
1.987617187500000000e+02
1.404257812500000000e+02
6.555859375000000000e+01
1.374726562500000000e+02
7.524609375000000000e+01
1.300898437500000000e+02
8.675000000000000000e+01
1.256601562500000000e+02
9.825390625000000000e+01
1.256601562500000000e+02
1.109687500000000000e+02
1.286132812500000000e+02
1.430585937500000000e+02
1.286132812500000000e+02
1.533515625000000000e+02
1.256601562500000000e+02
1.636445312500000000e+02
1.227070312500000000e+02
1.745429687500000000e+02
1.256601562500000000e+02
1.842304687500000000e+02
1.286132812500000000e+02
1.273164062500000000e+02
1.404257812500000000e+02
1.273164062500000000e+02
1.581445312500000000e+02
1.273164062500000000e+02
1.758632812500000000e+02
1.285273437500000000e+02
1.906289062500000000e+02
1.103632812500000000e+02
1.965351562500000000e+02
1.188398437500000000e+02
1.965351562500000000e+02
1.273164062500000000e+02
1.994882812500000000e+02
1.370039062500000000e+02
1.994882812500000000e+02
1.466914062500000000e+02
1.965351562500000000e+02
7.645703125000000000e+01
1.463320312500000000e+02
8.251171875000000000e+01
1.374726562500000000e+02
9.946484375000000000e+01
1.345195312500000000e+02
1.055195312500000000e+02
1.433789062500000000e+02
9.825390625000000000e+01
1.463320312500000000e+02
8.372265625000000000e+01
1.463320312500000000e+02
1.479023437500000000e+02
1.404257812500000000e+02
1.539570312500000000e+02
1.345195312500000000e+02
1.696992187500000000e+02
1.345195312500000000e+02
1.769648437500000000e+02
1.404257812500000000e+02
1.696992187500000000e+02
1.433789062500000000e+02
1.551679687500000000e+02
1.433789062500000000e+02
9.946484375000000000e+01
2.201601562500000000e+02
1.103632812500000000e+02
2.172070312500000000e+02
1.224726562500000000e+02
2.142539062500000000e+02
1.273164062500000000e+02
2.142539062500000000e+02
1.333710937500000000e+02
2.142539062500000000e+02
1.466914062500000000e+02
2.172070312500000000e+02
1.600117187500000000e+02
2.201601562500000000e+02
1.515351562500000000e+02
2.260664062500000000e+02
1.406367187500000000e+02
2.319726562500000000e+02
1.285273437500000000e+02
2.319726562500000000e+02
1.176289062500000000e+02
2.319726562500000000e+02
1.091523437500000000e+02
2.260664062500000000e+02
1.006757812500000000e+02
2.201601562500000000e+02
1.152070312500000000e+02
2.231132812500000000e+02
1.285273437500000000e+02
2.201601562500000000e+02
1.430585937500000000e+02
2.231132812500000000e+02
1.575898437500000000e+02
2.201601562500000000e+02
1.430585937500000000e+02
2.201601562500000000e+02
1.285273437500000000e+02
2.201601562500000000e+02
1.139960937500000000e+02
2.201601562500000000e+02
